0.00000000	31.68428603	0.00000000
0.10000000	31.68427783	0.00000000
0.20312743	31.68426938	0.00000000
0.30947548	31.68426067	0.00000000
0.41913983	31.68425168	0.00000000
0.53221867	31.68424242	0.00000000
0.64881277	31.68423287	0.00000000
0.76902550	31.68422302	0.00000000
0.89296292	31.68421286	0.00000000
1.02073377	31.68420239	0.00000000
1.15244953	31.68419160	0.00000000
1.28822447	31.68418048	0.00000000
1.42817571	31.68416901	0.00000000
1.57242321	31.68415719	0.00000000
1.72108982	31.68414501	0.00000000
1.87430136	31.68413246	0.00000000
2.03218659	31.68411952	0.00000000
2.19487727	31.68410619	0.00000000
2.36250819	31.68409246	0.00000000
2.53521719	31.68407830	0.00000000
2.71314517	31.68406373	0.00000000
2.89643611	31.68404871	0.00000000
3.08523711	31.68403324	0.00000000
3.27969837	31.68401731	0.00000000
3.47997318	31.68400090	0.00000000
3.68621799	31.68398400	0.00000000
3.89859231	31.68396660	0.00000000
4.11725878	31.68394868	0.00000000
4.34238311	31.68393024	0.00000000
4.57413407	31.68391125	0.00000000
4.81268347	31.68389170	0.00000000
5.05820609	31.68387158	0.00000000
5.31087967	31.68385088	0.00000000
5.57088486	31.68382958	0.00000000
5.83840512	31.68380766	0.00000000
6.11362669	31.68378511	0.00000000
6.39673850	31.68376191	0.00000000
6.68793207	31.68373805	0.00000000
6.98740141	31.68371352	0.00000000
7.29534293	31.68368829	0.00000000
7.61195529	31.68366234	0.00000000
7.93743929	31.68363568	0.00000000
8.27199770	31.68360826	0.00000000
8.61583513	31.68358009	0.00000000
8.96915781	31.68355114	0.00000000
9.33217346	31.68352140	0.00000000
9.70509104	31.68349084	0.00000000
10.08812055	31.68345946	0.00000000
10.48147280	31.68342723	0.00000000
10.88535915	31.68339414	0.00000000
11.29999125	31.68336017	0.00000000
11.72558078	31.68332530	0.00000000
12.16233910	31.68328951	0.00000000
12.61047698	31.68325279	0.00000000
13.07020423	31.68321513	0.00000000
13.54172937	31.68317649	0.00000000
14.02525925	31.68313687	0.00000000
14.52099867	31.68309626	0.00000000
15.02914994	31.68305462	0.00000000
15.54991250	31.68301195	0.00000000
16.08348243	31.68296823	0.00000000
16.63005203	31.68292345	0.00000000
17.18980930	31.68287759	0.00000000
17.76293748	31.68283063	0.00000000
18.34961449	31.68278256	0.00000000
18.95001246	31.68273337	0.00000000
19.56429711	31.68268304	0.00000000
20.19262727	31.68263155	0.00000000
20.83515423	31.68257891	0.00000000
21.49202121	31.68252509	0.00000000
22.16336273	31.68247008	0.00000000
22.84930402	31.68241388	0.00000000
23.54996040	31.68235647	0.00000000
24.26543664	31.68229785	0.00000000
24.99582635	31.68223801	0.00000000
25.74121136	31.68217693	0.00000000
26.50166108	31.68211463	0.00000000
27.27723184	31.68205108	0.00000000
28.06796632	31.68198629	0.00000000
28.87389290	31.68192026	0.00000000
29.69502506	31.68185298	0.00000000
30.53136076	31.68178446	0.00000000
31.38288192	31.68171469	0.00000000
32.24955379	31.68164368	0.00000000
33.13132443	31.68157143	0.00000000
34.02812422	31.68149795	0.00000000
34.93986534	31.68142325	0.00000000
35.86644132	31.68134733	0.00000000
36.80772662	31.68127020	0.00000000
37.76357624	31.68119189	0.00000000
38.73382536	31.68111239	0.00000000
39.71828908	31.68103173	0.00000000
40.71676212	31.68094992	0.00000000
41.72901863	31.68086698	0.00000000
42.75481206	31.68078293	0.00000000
43.79387503	31.68069780	0.00000000
44.84591932	31.68061160	0.00000000
45.91063586	31.68052436	0.00000000
46.98769488	31.68050000	0.00000000
48.07674598	31.68050000	0.00000000
49.17741840	31.68050000	0.00000000
50.28932129	31.68050000	0.00000000
51.41204405	31.68050000	0.00000000
52.54515678	31.68050000	0.00000000
53.68821074	31.68050000	0.00000000
54.84073893	31.68050000	0.00000000
56.00225356	31.67932335	0.00000000
57.17211447	31.66215704	0.00000000
58.34957176	31.62741109	0.00000000
59.53413947	31.58271541	0.00000000
60.72540420	31.53298998	0.00000000
61.92298913	31.48294105	0.00000000
63.12650435	31.43723535	0.00000000
64.33552694	31.40160329	0.00000000
65.54950828	31.38422747	0.00000000
66.76760099	31.38488144	0.00000000
67.98904026	31.39041286	0.00000000
69.21319365	31.39960097	0.00000000
70.43943129	31.41181156	0.00000000
71.66712162	31.42659112	0.00000000
72.89563255	31.44350229	0.00000000
74.12433183	31.46214629	0.00000000
75.35258958	31.48205466	0.00000000
76.57977697	31.50283431	0.00000000
77.80526800	31.52410156	0.00000000
79.02844077	31.54546386	0.00000000
80.24867814	31.56653617	0.00000000
81.46536855	31.58694702	0.00000000
82.67790716	31.60632513	0.00000000
83.88569682	31.62429478	0.00000000
85.08814941	31.64043003	0.00000000
86.28468474	31.65438674	0.00000000
87.47473307	31.66578143	0.00000000
88.65773522	31.67421771	0.00000000
89.83314320	31.67920491	0.00000000
91.00041923	31.68050000	0.00000000
92.15904207	31.68050000	0.00000000
93.30851443	31.68050000	0.00000000
94.44835737	31.68050000	0.00000000
95.57810980	31.68050000	0.00000000
96.69732912	31.68050000	0.00000000
97.80559170	31.68050000	0.00000000
98.90249338	31.68050000	0.00000000
99.98764988	31.68050000	0.00000000
101.06069707	31.68050000	0.00000000
102.12129132	31.68050000	0.00000000
103.16910961	31.68050000	0.00000000
104.20384973	31.68050000	0.00000000
105.22523028	31.68050000	0.00000000
106.23299074	31.68050000	0.00000000
107.22689134	31.68050000	0.00000000
108.20671302	31.68050000	0.00000000
109.17225721	31.68050000	0.00000000
110.12334560	31.68050000	0.00000000
111.05981995	31.68050000	0.00000000
111.98154165	31.68050000	0.00000000
112.88839149	31.68050000	0.00000000
113.78026915	31.68050000	0.00000000
114.65709283	31.68050000	0.00000000
115.51879877	31.68050000	0.00000000
116.36534074	31.68050000	0.00000000
117.19668951	31.68050000	0.00000000
118.01283233	31.68050000	0.00000000
118.81377230	31.68050000	0.00000000
119.59952788	31.68050000	0.00000000
120.37013219	31.68050000	0.00000000
121.12563246	31.68050000	0.00000000
121.86608940	31.68050000	0.00000000
122.59157654	31.68050000	0.00000000
123.30217965	31.68050000	0.00000000
123.99799607	31.68050000	0.00000000
124.67913412	31.68050000	0.00000000
125.34571242	31.68050000	0.00000000
125.99785931	31.68050000	0.00000000
126.63571225	31.68050000	0.00000000
127.25941716	31.68050000	0.00000000
127.86912787	31.68050000	0.00000000
128.46500554	31.68050000	0.00000000
129.04721804	31.68050000	0.00000000
129.61593948	31.68050000	0.00000000
130.17134956	31.68050000	0.00000000
130.71363316	31.68050000	0.00000000
131.24297973	31.68050000	0.00000000
131.75958286	31.68050000	0.00000000
132.26363979	31.68050000	0.00000000
132.75535095	31.68050000	0.00000000
133.23491951	31.68050000	0.00000000
133.70255099	31.68050000	0.00000000
134.15845282	31.68050000	0.00000000
134.60283400	31.68050000	0.00000000
135.03590468	31.68050000	0.00000000
135.45787587	31.68050000	0.00000000
135.86895906	31.68050000	0.00000000
136.26936596	31.68050000	0.00000000
136.65930814	31.68050000	0.00000000
137.03899682	31.68050000	0.00000000
137.40864257	31.68050000	0.00000000
137.76845508	31.68050000	0.00000000
138.11864292	31.68050000	0.00000000
138.45941334	31.68050000	0.00000000
138.79097206	31.68050000	0.00000000
139.11352310	31.68050000	0.00000000
139.42726861	31.68050000	0.00000000
139.73240870	31.68050000	0.00000000
140.02914131	31.68050000	0.00000000
140.31766206	31.68050000	0.00000000
140.59816418	31.68050000	0.00000000
140.87083833	31.68050000	0.00000000
141.13587258	31.68050000	0.00000000
141.39345225	31.68050000	0.00000000
141.64375990	31.68050000	0.00000000
141.88697523	31.68050000	0.00000000
142.12327500	31.68050000	0.00000000
142.35283304	31.68050000	0.00000000
142.57582016	31.68050000	0.00000000
142.79240412	31.68050000	0.00000000
143.00274963	31.68050000	0.00000000
143.20701831	31.68050000	0.00000000
143.40536866	31.68050000	0.00000000
143.59795610	31.68050000	0.00000000
143.78493290	31.68050000	0.00000000
143.96644825	31.68050000	0.00000000
144.14264821	31.68050000	0.00000000
144.31367576	31.68050000	0.00000000
144.47967079	31.68050000	0.00000000
144.64077014	31.68050000	0.00000000
144.79710760	31.68050000	0.00000000
144.94881395	31.68050000	0.00000000
145.09601697	31.68050000	0.00000000
145.23884150	31.68050000	0.00000000
145.37740946	31.68050000	0.00000000
145.51183986	31.68050000	0.00000000
145.64224887	31.68050000	0.00000000
145.76874985	31.68050000	0.00000000
145.89145339	31.68050000	0.00000000
146.01046733	31.68050000	0.00000000
146.12589684	31.68050000	0.00000000
146.23784443	31.68050000	0.00000000
146.34641004	31.68050000	0.00000000
146.45169101	31.68050000	0.00000000
146.55378221	31.68050000	0.00000000
146.65277602	31.68050000	0.00000000
146.74876242	31.68050000	0.00000000
146.84182902	31.68050000	0.00000000
146.93206110	31.68050000	0.00000000
147.01954167	31.68050000	0.00000000
147.10435152	31.68050000	0.00000000
147.18656924	31.68050000	0.00000000
147.26627130	31.68050000	0.00000000
147.34353209	31.68050000	0.00000000
147.41842395	31.68050000	0.00000000
147.49101723	31.68050000	0.00000000
147.56138032	31.68050000	0.00000000
147.62957972	31.68050000	0.00000000
147.69568008	31.68050000	0.00000000
147.75974420	31.68050000	0.00000000
147.82183315	31.68050000	0.00000000
147.88200625	31.68050000	0.00000000
147.94032115	31.68050000	0.00000000
147.99683383	31.68050000	0.00000000
148.05159869	31.68050000	0.00000000
148.10466857	31.68050000	0.00000000
148.15609478	31.68050000	0.00000000
148.20592715	31.68050000	0.00000000
148.25421406	31.68050000	0.00000000
148.30100249	31.68050000	0.00000000
148.34633805	31.68050000	0.00000000
148.39026503	31.68050000	0.00000000
148.43282639	31.68050000	0.00000000
148.47406385	31.68050000	0.00000000
148.51401790	31.68050000	0.00000000
148.55272784	31.68050000	0.00000000
148.59023179	31.68050000	0.00000000
148.62656675	31.68050000	0.00000000
148.66176862	31.68050000	0.00000000
148.69587223	31.68050000	0.00000000
148.72891137	31.68050000	0.00000000
148.76091882	31.68050000	0.00000000
148.79192638	31.68050000	0.00000000
148.82196490	31.68050000	0.00000000
148.85106428	31.68050000	0.00000000
148.87925355	31.68050000	0.00000000
148.90656085	31.68050000	0.00000000
148.93301346	31.68050000	0.00000000
148.95863786	31.68050000	0.00000000
148.98345970	31.68050000	0.00000000
149.00750387	31.68050000	0.00000000
149.03079451	31.68050000	0.00000000
149.05335500	31.68050000	0.00000000
149.07520802	31.68050000	0.00000000
149.09637558	31.68050000	0.00000000
149.11687898	31.68050000	0.00000000
149.13673889	31.68050000	0.00000000
149.15597535	31.68050000	0.00000000
149.17460778	31.68050000	0.00000000
149.19265500	31.68050000	0.00000000
149.21013527	31.68050000	0.00000000
149.22706627	31.68050000	0.00000000
149.24346513	31.68050000	0.00000000
149.25934848	31.68050000	0.00000000
149.27473242	31.68050000	0.00000000
149.28963256	31.68050000	0.00000000
149.30406401	31.68050000	0.00000000
149.31804145	31.68050000	0.00000000
149.33157906	31.68050000	0.00000000
149.34469062	31.68050000	0.00000000
149.35738946	31.68050000	0.00000000
149.36968851	31.68050000	0.00000000
149.38160030	31.68050000	0.00000000
149.39313696	31.68050000	0.00000000
149.40431025	31.68050000	0.00000000
149.41513157	31.68050000	0.00000000
149.42561195	31.68050000	0.00000000
149.43576209	31.68050000	0.00000000
149.44559235	31.68050000	0.00000000
149.45511278	31.68050000	0.00000000
149.46433311	31.68050000	0.00000000
149.47326276	31.68050000	0.00000000
149.48191086	31.68050000	0.00000000
149.49028626	31.68050000	0.00000000
149.49839752	31.68050000	0.00000000
149.50625296	31.68050000	0.00000000
149.51386062	31.68050000	0.00000000
149.52122828	31.68050000	0.00000000
149.52836350	31.68050000	0.00000000
149.53527359	31.68050000	0.00000000
149.54196563	31.68050000	0.00000000
149.54844649	31.68050000	0.00000000
149.55472280	31.68050000	0.00000000
149.56080103	31.68050000	0.00000000
149.56668739	31.68050000	0.00000000
149.57238793	31.68050000	0.00000000
149.57790850	31.68050000	0.00000000
149.58325478	31.68050000	0.00000000
149.58843226	31.68050000	0.00000000
149.59344624	31.68050000	0.00000000
149.59830190	31.68050000	0.00000000
149.60300420	31.68050000	0.00000000
149.60755800	31.68050000	0.00000000
149.61196797	31.68050000	0.00000000
149.61623865	31.68050000	0.00000000
149.62037442	31.68050000	0.00000000
149.62437955	31.68050000	0.00000000
149.62825815	31.68050000	0.00000000
149.63201421	31.68050000	0.00000000
149.63565161	31.68050000	0.00000000
149.63917408	31.68050000	0.00000000
149.64258524	31.68050000	0.00000000
149.64588862	31.68050000	0.00000000
149.64908762	31.68050000	0.00000000
149.65218552	31.68050000	0.00000000
149.65518552	31.68050000	0.00000000
149.65518552	31.68050000	0.00000000
149.65818552	31.68050000	0.00000000
149.66136666	31.68050000	0.00000000
149.66473980	31.68050000	0.00000000
149.66831646	31.68050000	0.00000000
149.67210883	31.68050000	0.00000000
149.67612981	31.68050000	0.00000000
149.68039308	31.68050000	0.00000000
149.68491310	31.68050000	0.00000000
149.68970521	31.68050000	0.00000000
149.69478561	31.68050000	0.00000000
149.70017148	31.68050000	0.00000000
149.70588099	31.68050000	0.00000000
149.71193334	31.68050000	0.00000000
149.71834888	31.68050000	0.00000000
149.72514912	31.68050000	0.00000000
149.73235680	31.68050000	0.00000000
149.73999598	31.68050000	0.00000000
149.74809208	31.68050000	0.00000000
149.75667198	31.68050000	0.00000000
149.76576408	31.68050000	0.00000000
149.77539840	31.68050000	0.00000000
149.78560661	31.68050000	0.00000000
149.79642219	31.68050000	0.00000000
149.80788047	31.68050000	0.00000000
149.82001872	31.68050000	0.00000000
149.83287628	31.68050000	0.00000000
149.84649464	31.68050000	0.00000000
149.86091752	31.68050000	0.00000000
149.87619103	31.68050000	0.00000000
149.89236371	31.68050000	0.00000000
149.90948668	31.68050000	0.00000000
149.92761378	31.68050000	0.00000000
149.94680160	31.68050000	0.00000000
149.96710967	31.68050000	0.00000000
149.98860055	31.68050000	0.00000000
150.01133994	31.68050000	0.00000000
150.03539679	31.68050000	0.00000000
150.06084345	31.68050000	0.00000000
150.08775573	31.68050000	0.00000000
150.11621304	31.68050000	0.00000000
150.14629850	31.68050000	0.00000000
150.17809902	31.68050000	0.00000000
150.21170538	31.68050000	0.00000000
150.24721235	31.68050000	0.00000000
150.28471872	31.68050000	0.00000000
150.32432737	31.68050000	0.00000000
150.36614533	31.68050000	0.00000000
150.41028378	31.68050000	0.00000000
150.45685806	31.68050000	0.00000000
150.50598767	31.68050000	0.00000000
150.55779618	31.68050000	0.00000000
150.61241120	31.68050000	0.00000000
150.66996422	31.68050000	0.00000000
150.73059054	31.68050000	0.00000000
150.79442898	31.68050000	0.00000000
150.86162174	31.68050000	0.00000000
150.93231405	31.68050000	0.00000000
151.00665387	31.68050000	0.00000000
151.08479147	31.68050000	0.00000000
151.16687900	31.68050000	0.00000000
151.25306995	31.68050000	0.00000000
151.34351854	31.68050000	0.00000000
151.43837907	31.68050000	0.00000000
151.53780518	31.68050000	0.00000000
151.64194901	31.68050000	0.00000000
151.75096030	31.68050000	0.00000000
151.86498539	31.68050000	0.00000000
151.98416617	31.68050000	0.00000000
152.10863890	31.68050000	0.00000000
152.23853302	31.68050000	0.00000000
152.37396980	31.68050000	0.00000000
152.51506099	31.68050000	0.00000000
152.66190741	31.68050000	0.00000000
152.81459743	31.68050000	0.00000000
152.97320550	31.68050000	0.00000000
153.13779057	31.68050000	0.00000000
153.30839456	31.68050000	0.00000000
153.48504085	31.68050000	0.00000000
153.66773276	31.68050000	0.00000000
153.85645210	31.68050000	0.00000000
154.05115786	31.68050000	0.00000000
154.25178491	31.68050000	0.00000000
154.45824292	31.68050000	0.00000000
154.67041538	31.68050000	0.00000000
154.88815884	31.68050000	0.00000000
155.11130240	31.68050000	0.00000000
155.33964732	31.68050000	0.00000000
155.57296703	31.68050000	0.00000000
155.81100734	31.68049160	0.00000000
156.05348691	31.68041522	0.00000000
156.30009808	31.68020765	0.00000000
156.55050799	31.67982974	0.00000000
156.80436004	31.67927153	0.00000000
157.06127562	31.67852400	0.00000000
157.32085599	31.67753016	0.00000000
157.58268489	31.67629435	0.00000000
157.84633070	31.67477287	0.00000000
158.11134937	31.67293628	0.00000000
158.37728731	31.67075265	0.00000000
158.64368441	31.66818769	0.00000000
158.91007707	31.66519853	0.00000000
159.17600198	31.66177865	0.00000000
159.44099763	31.65783443	0.00000000
159.70461047	31.65339989	0.00000000
159.96639459	31.64840463	0.00000000
160.22591714	31.64284053	0.00000000
160.48276121	31.63673703	0.00000000
160.73652550	31.63004170	0.00000000
160.98683137	31.62281730	0.00000000
161.23332273	31.61513053	0.00000000
161.47566583	31.60699753	0.00000000
161.71355495	31.59851692	0.00000000
161.94671153	31.58979440	0.00000000
162.17488298	31.58089608	0.00000000
162.39784589	31.57191942	0.00000000
162.61540497	31.56296051	0.00000000
162.82739158	31.55408222	0.00000000
163.03366482	31.54534948	0.00000000
163.23411019	31.53681333	0.00000000
163.42863887	31.52851107	0.00000000
163.61718694	31.52047281	0.00000000
163.79971424	31.51271926	0.00000000
163.97620295	31.50525964	0.00000000
164.14665672	31.49810181	0.00000000
164.31109922	31.49125277	0.00000000
164.46957188	31.48470020	0.00000000
164.62213394	31.47845039	0.00000000
164.76885937	31.47249070	0.00000000
164.90983643	31.46681670	0.00000000
165.04516539	31.46141384	0.00000000
165.17495823	31.45628538	0.00000000
165.29933537	31.45140789	0.00000000
165.41842601	31.44677350	0.00000000
165.53236647	31.44238121	0.00000000
165.64129802	31.43821259	0.00000000
165.74536679	31.43425929	0.00000000
165.84472228	31.43051260	0.00000000
165.93951644	31.42696453	0.00000000
166.02990247	31.42360123	0.00000000
166.11603457	31.42041674	0.00000000
166.19806668	31.41740100	0.00000000
166.27615228	31.41455062	0.00000000
166.35044307	31.41185117	0.00000000
166.42108919	31.40929607	0.00000000
166.48823853	31.40688114	0.00000000
166.55203610	31.40459681	0.00000000
166.61262382	31.40243413	0.00000000
166.67014057	31.40039075	0.00000000
166.72472155	31.39846317	0.00000000
166.77649796	31.39663955	0.00000000
166.82559729	31.39491501	0.00000000
166.87214313	31.39328760	0.00000000
166.91625476	31.39174909	0.00000000
166.95804743	31.39029475	0.00000000
166.99763235	31.38892401	0.00000000
167.03511625	31.38762596	0.00000000
167.07060209	31.38640128	0.00000000
167.10418856	31.38524519	0.00000000
167.13597028	31.38415201	0.00000000
167.16603816	31.38312363	0.00000000
167.19447889	31.38215213	0.00000000
167.22137553	31.38123487	0.00000000
167.24680749	31.38036993	0.00000000
167.27085042	31.37955182	0.00000000
167.29357669	31.37877940	0.00000000
167.31505524	31.37805149	0.00000000
167.33535171	31.37736511	0.00000000
167.35452858	31.37671695	0.00000000
167.37264530	31.37610393	0.00000000
167.38213469	31.37552619	0.00000000
