0.00000000	34.68137420	0.00000000
0.09999989	34.68152341	0.00000000
0.20164358	34.68167507	0.00000000
0.30495410	34.68182922	0.00000000
0.40995463	34.68198589	0.00000000
0.51666857	34.68214511	0.00000000
0.62511944	34.68230693	0.00000000
0.73533098	34.68247138	0.00000000
0.84732706	34.68263848	0.00000000
0.96113171	34.68280829	0.00000000
1.07676913	34.68298083	0.00000000
1.19426365	34.68315614	0.00000000
1.31363975	34.68333426	0.00000000
1.43492205	34.68351523	0.00000000
1.55813528	34.68369907	0.00000000
1.68330431	34.68388584	0.00000000
1.81045412	34.68407555	0.00000000
1.93960979	34.68426827	0.00000000
2.07079651	34.68446401	0.00000000
2.20403956	34.68466282	0.00000000
2.33936429	34.68486473	0.00000000
2.47679614	34.68506980	0.00000000
2.61636061	34.68527804	0.00000000
2.75808325	34.68548950	0.00000000
2.90198966	34.68570422	0.00000000
3.04810548	34.68592224	0.00000000
3.19645636	34.68614359	0.00000000
3.34706797	34.68636832	0.00000000
3.49996599	34.68659645	0.00000000
3.65517609	34.68682804	0.00000000
3.81272390	34.68706312	0.00000000
3.97263504	34.68730172	0.00000000
4.13493505	34.68754388	0.00000000
4.29964944	34.68778965	0.00000000
4.46680363	34.68803906	0.00000000
4.63642295	34.68829215	0.00000000
4.80853262	34.68854895	0.00000000
4.98315777	34.68880951	0.00000000
5.16032334	34.68907385	0.00000000
5.34005418	34.68934203	0.00000000
5.52237493	34.68961406	0.00000000
5.70731006	34.68989000	0.00000000
5.89488383	34.69016988	0.00000000
6.08512030	34.69045373	0.00000000
6.27804327	34.69074159	0.00000000
6.47367629	34.69103349	0.00000000
6.67204264	34.69132947	0.00000000
6.87316530	34.69162956	0.00000000
7.07706694	34.69193380	0.00000000
7.28376990	34.69224222	0.00000000
7.49329614	34.69255485	0.00000000
7.70566728	34.69287173	0.00000000
7.92090451	34.69319288	0.00000000
8.13902862	34.69351834	0.00000000
8.36005995	34.69384814	0.00000000
8.58401839	34.69418230	0.00000000
8.81092332	34.69452087	0.00000000
9.04079363	34.69486385	0.00000000
9.27364767	34.69521129	0.00000000
9.50950323	34.69556321	0.00000000
9.74837754	34.69591963	0.00000000
9.99028720	34.69628058	0.00000000
10.23524819	34.69664608	0.00000000
10.48327585	34.69701616	0.00000000
10.73438482	34.69739084	0.00000000
10.98858905	34.69777013	0.00000000
11.24590176	34.69815407	0.00000000
11.50633543	34.69854266	0.00000000
11.76990174	34.69893592	0.00000000
12.03661157	34.69933387	0.00000000
12.30647499	34.69973653	0.00000000
12.57950120	34.70014391	0.00000000
12.85569853	34.70055602	0.00000000
13.13507438	34.70097288	0.00000000
13.41763525	34.70139448	0.00000000
13.70338668	34.70182085	0.00000000
13.99233322	34.70225198	0.00000000
14.28447842	34.70268789	0.00000000
14.57982479	34.70312857	0.00000000
14.87837381	34.70357403	0.00000000
15.18012587	34.70402427	0.00000000
15.48508025	34.70447929	0.00000000
15.79323512	34.70493909	0.00000000
16.10458749	34.70540365	0.00000000
16.41913322	34.70587298	0.00000000
16.73686696	34.70634707	0.00000000
17.05778215	34.70682590	0.00000000
17.38187101	34.70730947	0.00000000
17.70912450	34.70779776	0.00000000
18.03953231	34.70829076	0.00000000
18.37308282	34.70878844	0.00000000
18.70976313	34.70929080	0.00000000
19.04955899	34.70979781	0.00000000
19.39245483	34.71030944	0.00000000
19.73843370	34.71082567	0.00000000
20.08747730	34.71134647	0.00000000
20.43956592	34.71187182	0.00000000
20.79467848	34.71240168	0.00000000
21.15279248	34.71293601	0.00000000
21.51388398	34.71347479	0.00000000
21.87792764	34.71401798	0.00000000
22.24489668	34.71456553	0.00000000
22.61476286	34.71511740	0.00000000
22.98749651	34.71567355	0.00000000
23.36306650	34.71623394	0.00000000
23.74144024	34.71679850	0.00000000
24.12258370	34.71736720	0.00000000
24.50646138	34.71793998	0.00000000
24.89303634	34.71851678	0.00000000
25.28227015	34.71909755	0.00000000
25.67412299	34.71968223	0.00000000
26.06855356	34.72027076	0.00000000
26.46551912	34.72086307	0.00000000
26.86497554	34.72145909	0.00000000
27.26687725	34.72205876	0.00000000
27.67117727	34.72266201	0.00000000
28.07782726	34.72326877	0.00000000
28.48677748	34.72387896	0.00000000
28.89797685	34.72449251	0.00000000
29.31137294	34.72510933	0.00000000
29.72691201	34.72572935	0.00000000
30.14453902	34.72635248	0.00000000
30.56419765	34.72697865	0.00000000
30.98583035	34.72760776	0.00000000
31.40937832	34.72823974	0.00000000
31.83478159	34.72887447	0.00000000
32.26197902	34.72951189	0.00000000
32.69090833	34.73015189	0.00000000
33.12150613	34.73079438	0.00000000
33.55370798	34.73143926	0.00000000
33.98744841	34.73208644	0.00000000
34.42266092	34.73273582	0.00000000
34.85927809	34.73338729	0.00000000
35.29723157	34.73404075	0.00000000
35.73645212	34.73469611	0.00000000
36.17686967	34.73535325	0.00000000
36.61841336	34.73601207	0.00000000
37.06101159	34.73667247	0.00000000
37.50459203	34.73733433	0.00000000
37.94908171	34.73799754	0.00000000
38.39440704	34.73866201	0.00000000
38.84049387	34.73932761	0.00000000
39.28726754	34.73999423	0.00000000
39.73465292	34.74066177	0.00000000
40.18257445	34.74133011	0.00000000
40.63095623	34.74199914	0.00000000
41.07972203	34.74266873	0.00000000
41.52879537	34.74333879	0.00000000
41.97809953	34.74400919	0.00000000
42.42755768	34.74467982	0.00000000
42.87709284	34.74535057	0.00000000
43.32662800	34.74602131	0.00000000
43.77608614	34.74669194	0.00000000
44.22539031	34.74736234	0.00000000
44.67446364	34.74803240	0.00000000
45.12322944	34.74870200	0.00000000
45.57161123	34.74937102	0.00000000
46.01953282	34.74993748	0.00000000
46.46691867	34.74979668	0.00000000
46.91369278	34.74956808	0.00000000
47.35978000	34.74925246	0.00000000
47.80510565	34.74885364	0.00000000
48.24959556	34.74837192	0.00000000
48.69317612	34.74780001	0.00000000
49.13577435	34.74714483	0.00000000
49.57731792	34.74640504	0.00000000
50.01773520	34.74558489	0.00000000
50.45695531	34.74468172	0.00000000
50.89490816	34.74369634	0.00000000
51.33152451	34.74262959	0.00000000
51.76673600	34.74148231	0.00000000
52.20047517	34.74025816	0.00000000
52.63267555	34.73895898	0.00000000
53.06327162	34.73757914	0.00000000
53.49219894	34.73612433	0.00000000
53.91939411	34.73459563	0.00000000
54.34479482	34.73299129	0.00000000
54.76833995	34.73131568	0.00000000
55.18996951	34.72957094	0.00000000
55.60962468	34.72775619	0.00000000
56.02724790	34.72587236	0.00000000
56.44278284	34.72391828	0.00000000
56.85617444	34.72189612	0.00000000
57.26736894	34.71980352	0.00000000
57.67631394	34.71764756	0.00000000
58.08295833	34.71542994	0.00000000
58.48725240	34.71315430	0.00000000
58.88914777	34.71082000	0.00000000
59.28859746	34.70842596	0.00000000
59.68555590	34.70597587	0.00000000
60.07997899	34.70347724	0.00000000
60.47182386	34.70090976	0.00000000
60.86104929	34.69829021	0.00000000
61.24761549	34.69562479	0.00000000
61.63148399	34.69290960	0.00000000
62.01261786	34.69014655	0.00000000
62.39098162	34.68734039	0.00000000
62.76654123	34.68449273	0.00000000
63.13926396	34.68158630	0.00000000
63.50911881	34.67863944	0.00000000
63.87607614	34.67565736	0.00000000
64.24010771	34.67264130	0.00000000
64.60118673	34.66959077	0.00000000
64.95928773	34.66649426	0.00000000
65.31438685	34.66335977	0.00000000
65.66646167	34.66019776	0.00000000
66.01549110	34.65701069	0.00000000
66.36145545	34.65379891	0.00000000
66.70433618	34.65053962	0.00000000
67.04411658	34.64725862	0.00000000
67.38078110	34.64395992	0.00000000
67.71431553	34.64064731	0.00000000
68.04470665	34.63729064	0.00000000
68.37194316	34.63392150	0.00000000
68.69601476	34.63054115	0.00000000
69.01691230	34.62714175	0.00000000
69.33462791	34.62371497	0.00000000
69.64915524	34.62028036	0.00000000
69.96048895	34.61683985	0.00000000
70.26862463	34.61337097	0.00000000
70.57355958	34.60989879	0.00000000
70.87529201	34.60642757	0.00000000
71.17382091	34.60293365	0.00000000
71.46914692	34.59943685	0.00000000
71.76127158	34.59594596	0.00000000
72.05019705	34.59243000	0.00000000
72.33592725	34.58892161	0.00000000
72.61846684	34.58542720	0.00000000
72.89782080	34.58190549	0.00000000
73.17399615	34.57839772	0.00000000
73.44700015	34.57489109	0.00000000
73.71684103	34.57138010	0.00000000
73.98352832	34.56788969	0.00000000
74.24707165	34.56438712	0.00000000
74.50748227	34.56090102	0.00000000
74.76477177	34.55742309	0.00000000
75.01895243	34.55394147	0.00000000
75.27003787	34.55048352	0.00000000
75.51804159	34.54701786	0.00000000
75.76297877	34.54358285	0.00000000
76.00486421	34.54014084	0.00000000
76.24371434	34.53672368	0.00000000
76.47954551	34.53331335	0.00000000
76.71237512	34.52992258	0.00000000
76.94222091	34.52654772	0.00000000
77.16910118	34.52318572	0.00000000
77.39303490	34.51984210	0.00000000
77.61404140	34.51651228	0.00000000
77.83214068	34.51320509	0.00000000
78.04735296	34.50991203	0.00000000
78.25969913	34.50664069	0.00000000
78.46920035	34.50338764	0.00000000
78.67587823	34.50015348	0.00000000
78.87975485	34.49694442	0.00000000
79.08085235	34.49374883	0.00000000
79.27919373	34.49058792	0.00000000
79.47480153	34.48743339	0.00000000
79.66769963	34.48432256	0.00000000
79.85791087	34.48121128	0.00000000
80.04545972	34.47814103	0.00000000
80.23036980	34.47508471	0.00000000
80.41266556	34.47205408	0.00000000
80.59237161	34.46905728	0.00000000
80.76951223	34.46607189	0.00000000
80.94411277	34.46312931	0.00000000
81.11619765	34.46019637	0.00000000
81.28579234	34.45729476	0.00000000
81.45292213	34.45442813	0.00000000
81.61761190	34.45156973	0.00000000
81.77988765	34.44875323	0.00000000
81.93977453	34.44595804	0.00000000
82.09729811	34.44318471	0.00000000
82.25248433	34.44045254	0.00000000
82.40535834	34.43773326	0.00000000
82.55594612	34.43504456	0.00000000
82.70427352	34.43239622	0.00000000
82.85036566	34.42975715	0.00000000
82.99424865	34.42715221	0.00000000
83.13594823	34.42458679	0.00000000
83.27548945	34.42203067	0.00000000
83.41289828	34.41950707	0.00000000
83.54820035	34.41702216	0.00000000
83.68142069	34.41455447	0.00000000
83.81258485	34.41211386	0.00000000
83.94171831	34.40971103	0.00000000
84.06884604	34.40733418	0.00000000
84.19399291	34.40497155	0.00000000
84.31718433	34.40264583	0.00000000
84.43844515	34.40035656	0.00000000
84.55779966	34.39807922	0.00000000
84.67527284	34.39583282	0.00000000
84.79088925	34.39362192	0.00000000
84.90467315	34.39144247	0.00000000
85.01664833	34.38927262	0.00000000
85.12683931	34.38713735	0.00000000
85.23526995	34.38503619	0.00000000
85.34196387	34.38296327	0.00000000
85.44694427	34.38090119	0.00000000
85.55023498	34.37887231	0.00000000
85.65185918	34.37687617	0.00000000
85.75183989	34.37491230	0.00000000
85.75183989	34.37491230	0.00000000
85.85182010	34.37292284	0.00000000
85.95456971	34.37087826	0.00000000
86.06013101	34.36877775	0.00000000
86.16862254	34.36661892	0.00000000
86.28001062	34.36437710	0.00000000
86.39440022	34.36207142	0.00000000
86.51182020	34.35970467	0.00000000
86.63234559	34.35726917	0.00000000
86.75600519	34.35474125	0.00000000
86.88287581	34.35214769	0.00000000
87.01301807	34.34948724	0.00000000
87.14646239	34.34673276	0.00000000
87.28327061	34.34390210	0.00000000
87.42352159	34.34100021	0.00000000
87.56724862	34.33800026	0.00000000
87.71452935	34.33491428	0.00000000
87.86539556	34.33175318	0.00000000
88.01993987	34.32848133	0.00000000
88.17814888	34.32512369	0.00000000
88.34014651	34.32168087	0.00000000
88.50597924	34.31811781	0.00000000
88.67569556	34.31447131	0.00000000
88.84934204	34.31071107	0.00000000
89.02698160	34.30684284	0.00000000
89.20867668	34.30287770	0.00000000
89.39447338	34.29878585	0.00000000
89.58445021	34.29460194	0.00000000
89.77862114	34.29027157	0.00000000
89.97710965	34.28584042	0.00000000
90.17989937	34.28127301	0.00000000
90.38708139	34.27659449	0.00000000
90.59868429	34.27177277	0.00000000
90.81479791	34.26683063	0.00000000
91.03546435	34.26174145	0.00000000
91.26069590	34.25653220	0.00000000
91.49057765	34.25113002	0.00000000
91.72518208	34.24559614	0.00000000
91.96452971	34.23980510	0.00000000
92.20864558	34.23385601	0.00000000
92.45759521	34.22768576	0.00000000
92.71146061	34.22130899	0.00000000
92.97022990	34.21475355	0.00000000
93.23396411	34.20793604	0.00000000
93.50269594	34.20093348	0.00000000
93.77648446	34.19371802	0.00000000
94.05535548	34.18625548	0.00000000
94.33933573	34.17859235	0.00000000
94.62847842	34.17071275	0.00000000
94.92278836	34.16257764	0.00000000
95.22233114	34.15422718	0.00000000
95.52710802	34.14565614	0.00000000
95.83713186	34.13683738	0.00000000
96.15242966	34.12777665	0.00000000
96.47305645	34.11848946	0.00000000
96.79897197	34.10897168	0.00000000
97.13019400	34.09920792	0.00000000
97.46681407	34.08918866	0.00000000
97.80873746	34.07893174	0.00000000
98.15601896	34.06843456	0.00000000
98.50863304	34.05769518	0.00000000
98.86662748	34.04670889	0.00000000
99.22989362	34.03547807	0.00000000
99.59856343	34.02399366	0.00000000
99.97249034	34.01226204	0.00000000
100.35172207	34.00028142	0.00000000
100.73621109	33.98805578	0.00000000
101.12599723	33.97557821	0.00000000
101.52093281	33.96285640	0.00000000
101.92106437	33.94988675	0.00000000
102.32635773	33.93667504	0.00000000
102.73671310	33.92321419	0.00000000
103.15214847	33.90951178	0.00000000
103.57253958	33.89556924	0.00000000
103.99791030	33.88138677	0.00000000
104.42812667	33.86696097	0.00000000
104.86314222	33.85230129	0.00000000
105.30290503	33.83740389	0.00000000
105.74731264	33.82227635	0.00000000
106.19628834	33.80691982	0.00000000
106.64975060	33.79133828	0.00000000
107.10761211	33.77553680	0.00000000
107.56978138	33.75951709	0.00000000
108.03616153	33.74327562	0.00000000
108.50661995	33.72682234	0.00000000
108.98105022	33.71016411	0.00000000
109.45932523	33.69330397	0.00000000
109.94137408	33.67624495	0.00000000
110.42701383	33.65899118	0.00000000
110.91611854	33.64155080	0.00000000
111.40860270	33.62393042	0.00000000
111.90425366	33.60612901	0.00000000
112.40299265	33.58815769	0.00000000
112.90464389	33.57002097	0.00000000
113.40905798	33.55172668	0.00000000
113.91602021	33.53327701	0.00000000
114.42544915	33.51468551	0.00000000
114.93713678	33.49595258	0.00000000
115.45093266	33.47708509	0.00000000
115.96662205	33.45809877	0.00000000
116.48409219	33.43899226	0.00000000
117.00309090	33.41977925	0.00000000
117.52345337	33.40046879	0.00000000
118.04505792	33.38105483	0.00000000
118.56761280	33.36156770	0.00000000
119.09102043	33.34199057	0.00000000
119.61499936	33.32235383	0.00000000
120.13943306	33.30265299	0.00000000
120.66403531	33.28290292	0.00000000
121.18870095	33.26310847	0.00000000
121.71314087	33.24328223	0.00000000
122.23718635	33.22343317	0.00000000
122.76063697	33.20356560	0.00000000
123.28329182	33.18368917	0.00000000
123.80498010	33.16381466	0.00000000
124.32537802	33.14395770	0.00000000
124.84440566	33.12411307	0.00000000
125.36177043	33.10430304	0.00000000
125.87731653	33.08453254	0.00000000
126.39082899	33.06480651	0.00000000
126.90210797	33.04513830	0.00000000
127.41092535	33.02553644	0.00000000
127.91709960	33.00600948	0.00000000
128.42042048	32.98656682	0.00000000
128.92069541	32.96721493	0.00000000
129.41774840	32.94796544	0.00000000
129.91137635	32.92882535	0.00000000
130.40139313	32.90980409	0.00000000
130.88755514	32.89091108	0.00000000
131.36975841	32.87215059	0.00000000
131.84778079	32.85353667	0.00000000
132.32144863	32.83507106	0.00000000
132.79060774	32.81676596	0.00000000
133.25507719	32.79863037	0.00000000
133.71464851	32.78066694	0.00000000
134.16920970	32.76288651	0.00000000
134.61860730	32.74529221	0.00000000
135.06263048	32.72789763	0.00000000
135.50122557	32.71070367	0.00000000
135.93414565	32.69371673	0.00000000
136.36133122	32.67695022	0.00000000
136.78257444	32.66039982	0.00000000
137.19782603	32.64408423	0.00000000
137.60687204	32.62799719	0.00000000
138.00964274	32.61215126	0.00000000
138.40604147	32.59654767	0.00000000
138.79591619	32.58119825	0.00000000
139.17921057	32.56609534	0.00000000
139.55573755	32.55125315	0.00000000
139.92549740	32.53667879	0.00000000
140.28832688	32.52236665	0.00000000
140.64422199	32.50832579	0.00000000
140.99299934	32.49456117	0.00000000
141.33466400	32.48107228	0.00000000
141.66911991	32.46786891	0.00000000
141.99630557	32.45494795	0.00000000
142.31616473	32.44231379	0.00000000
142.62858494	32.42996982	0.00000000
142.93361101	32.41791653	0.00000000
143.23113990	32.40615926	0.00000000
143.52116494	32.39469147	0.00000000
143.80356164	32.38352861	0.00000000
144.07842369	32.37266160	0.00000000
144.34563569	32.36209490	0.00000000
144.61147429	32.35158540	0.00000000
144.87593959	32.34112550	0.00000000
145.13903169	32.33072280	0.00000000
145.40068939	32.32037350	0.00000000
145.66094329	32.31007770	0.00000000
145.91985439	32.29983900	0.00000000
146.17730069	32.28965380	0.00000000
146.43340419	32.27952580	0.00000000
146.68807339	32.26945110	0.00000000
146.94133879	32.25943760	0.00000000
147.19313929	32.24947740	0.00000000
147.44356659	32.23957440	0.00000000
147.69255949	32.22972490	0.00000000
147.94011809	32.21993640	0.00000000
148.18624229	32.21020510	0.00000000
148.43093229	32.20053100	0.00000000
148.67421839	32.19091030	0.00000000
148.91600919	32.18135450	0.00000000
149.15639619	32.17185210	0.00000000
149.39531829	32.16240690	0.00000000
149.63280609	32.15302660	0.00000000
149.86879849	32.14370350	0.00000000
150.10338709	32.13443370	0.00000000
150.33648039	32.12522890	0.00000000
150.56810879	32.11608120	0.00000000
150.79827239	32.10699840	0.00000000
151.02697109	32.09796520	0.00000000
151.25420499	32.08900070	0.00000000
151.47994349	32.08009340	0.00000000
151.70424769	32.07124330	0.00000000
151.92699549	32.06245800	0.00000000
152.14830899	32.05373380	0.00000000
152.36812709	32.04506680	0.00000000
152.58644989	32.03646470	0.00000000
152.80327729	32.02792360	0.00000000
153.01860929	32.01943970	0.00000000
153.23241539	32.01102070	0.00000000
153.44472619	32.00266650	0.00000000
153.65554169	31.99436950	0.00000000
153.86483119	31.98613930	0.00000000
154.07262539	31.97796820	0.00000000
154.27889369	31.96986200	0.00000000
154.48366669	31.96181490	0.00000000
154.68688319	31.95383260	0.00000000
154.88860439	31.94591140	0.00000000
155.08876919	31.93805690	0.00000000
155.28740809	31.93026160	0.00000000
155.48452119	31.92253110	0.00000000
155.68010829	31.91486360	0.00000000
155.87413909	31.90726090	0.00000000
156.06664399	31.89971920	0.00000000
156.25759239	31.89224430	0.00000000
156.44698449	31.88483240	0.00000000
156.63485069	31.87748720	0.00000000
156.82116059	31.87020490	0.00000000
157.00591399	31.86298370	0.00000000
157.18911099	31.85583110	0.00000000
157.37072109	31.84873770	0.00000000
157.55080529	31.84171100	0.00000000
157.72930259	31.83475300	0.00000000
157.90624359	31.82785420	0.00000000
158.08162809	31.82102390	0.00000000
158.25542569	31.81425480	0.00000000
158.42763639	31.80755620	0.00000000
158.59829069	31.80091860	0.00000000
158.76735809	31.79434590	0.00000000
158.93483849	31.78784370	0.00000000
159.10076259	31.78140260	0.00000000
159.26506929	31.77502820	0.00000000
159.42778899	31.76871680	0.00000000
159.58892179	31.76247220	0.00000000
159.74846769	31.75629620	0.00000000
159.90639619	31.75017930	0.00000000
160.06276819	31.74413490	0.00000000
160.21752289	31.73815350	0.00000000
160.37066009	31.73223880	0.00000000
160.52221039	31.72639080	0.00000000
160.67214319	31.72060590	0.00000000
160.82048919	31.71488950	0.00000000
160.96718719	31.70923810	0.00000000
161.11229829	31.70365330	0.00000000
161.25579189	31.69813350	0.00000000
161.39769859	31.69267850	0.00000000
161.53792689	31.68729210	0.00000000
161.67656829	31.68197060	0.00000000
161.81359219	31.67671590	0.00000000
161.94896819	31.67152790	0.00000000
162.08272669	31.66640660	0.00000000
162.21489839	31.66134640	0.00000000
162.34539149	31.65635680	0.00000000
162.47426719	31.65143200	0.00000000
162.60149499	31.64657400	0.00000000
162.72710539	31.64178470	0.00000000
162.85106779	31.63706020	0.00000000
162.97341279	31.63239860	0.00000000
163.09410979	31.62780380	0.00000000
163.21315889	31.62327580	0.00000000
163.33055999	31.61881830	0.00000000
163.44634369	31.61441800	0.00000000
163.56044889	31.61008830	0.00000000
163.67290619	31.60582730	0.00000000
163.78374599	31.60162930	0.00000000
163.89287689	31.59749790	0.00000000
164.00039029	31.59343340	0.00000000
164.10625579	31.58943370	0.00000000
164.21044279	31.58549880	0.00000000
164.31298179	31.58163070	0.00000000
164.41387299	31.57782940	0.00000000
164.51311609	31.57409100	0.00000000
164.61068079	31.57041930	0.00000000
164.70656709	31.56681250	0.00000000
164.80077479	31.56327630	0.00000000
164.89336519	31.55980110	0.00000000
164.98424649	31.55638890	0.00000000
165.07347989	31.55304340	0.00000000
165.16106529	31.54976460	0.00000000
165.24694179	31.54655080	0.00000000
165.33117029	31.54340360	0.00000000
165.41372039	31.54031940	0.00000000
165.49462249	31.53730010	0.00000000
165.57378509	31.53434560	0.00000000
165.65129969	31.53145790	0.00000000
165.72716639	31.52862930	0.00000000
165.80132409	31.52586940	0.00000000
165.87380339	31.52317620	0.00000000
165.94460419	31.52054600	0.00000000
166.01372649	31.51797870	0.00000000
166.08117029	31.51548000	0.00000000
166.14690519	31.51304240	0.00000000
166.21099209	31.51066590	0.00000000
166.27340059	31.50835800	0.00000000
166.33409999	31.50610920	0.00000000
166.39309049	31.50392910	0.00000000
166.45043299	31.50181010	0.00000000
166.50606659	31.49975780	0.00000000
166.55999109	31.49776840	0.00000000
166.61226769	31.49584010	0.00000000
166.66283539	31.49397660	0.00000000
166.71169399	31.49217990	0.00000000
166.75887419	31.49044230	0.00000000
166.80437589	31.48876760	0.00000000
166.84816859	31.48715780	0.00000000
166.89025239	31.48561100	0.00000000
166.93065759	31.48412510	0.00000000
166.96938439	31.48270230	0.00000000
167.00640229	31.48134610	0.00000000
167.04168059	31.48004910	0.00000000
167.07531099	31.47881890	0.00000000
167.10723229	31.47764780	0.00000000
167.13747529	31.47653960	0.00000000
167.16600919	31.47549630	0.00000000
167.19283409	31.47451400	0.00000000
167.21795009	31.47359660	0.00000000
167.24138759	31.47273830	0.00000000
167.26311609	31.47194480	0.00000000
167.28313569	31.47121430	0.00000000
167.30144619	31.47054480	0.00000000
167.31810879	31.46993830	0.00000000
167.33300139	31.46939280	0.00000000
167.34624599	31.46890830	0.00000000
167.35778169	31.46848870	0.00000000
167.36760829	31.46813010	0.00000000
167.37572599	31.46783450	0.00000000
167.38213469	31.46759990	0.00000000